000017 -1
000025 -1
000079 -1
000128 -1
000149  1
000199 -1
000233 -1
000255 -1
000288 -1
000315 -1
000365 -1
000388 -1
000395 -1
000438 -1
000466 -1
000468 -1
000490 -1
000494 -1
000529 -1
000541 -1
000547 -1
000579 -1
000600 -1
000604 -1
000622 -1
000633 -1
000636 -1
000688 -1
000723 -1
000744 -1
000754  1
000770 -1
000788 -1
000792 -1
000798 -1
000822 -1
000830 -1
000865 -1
000875  1
000893 -1
000914 -1
000928 -1
000958 -1
001009 -1
001012 -1
001034  1
001060 -1
001066 -1
001071  1
001093 -1
001142 -1
001189 -1
001210 -1
001214 -1
001244 -1
001379 -1
001384 -1
001422 -1
001447 -1
001531 -1
001545 -1
001584 -1
001594 -1
001607 -1
001611 -1
001619 -1
001629 -1
001638 -1
001647 -1
001705 -1
001713 -1
001714 -1
001725 -1
001745 -1
001765 -1
001768 -1
001771 -1
001781 -1
001791 -1
001804 -1
001814 -1
001825 -1
001853 -1
001873 -1
001915 -1
001944 -1
001955  1
001965 -1
001982 -1
002005 -1
002021 -1
002041 -1
002050 -1
002052 -1
002078 -1
002085 -1
002089 -1
002118 -1
002145 -1
002170 -1
002174 -1
002222 -1
002231 -1
002236 -1
002244 -1
002294 -1
002299 -1
002315 -1
002332 -1
002338 -1
002348 -1
002352 -1
002388 -1
002438 -1
002482  1
002503 -1
002529 -1
002544 -1
002565 -1
002567 -1
002570 -1
002583 -1
002584 -1
002596 -1
002634 -1
002674 -1
002692 -1
002713 -1
002724 -1
002771 -1
002781 -1
002784 -1
002817 -1
002823 -1
002834 -1
002860 -1
002886 -1
002908 -1
002965 -1
002972 -1
002996 -1
003001  1
003016  1
003027 -1
003046 -1
003063 -1
003073 -1
003089 -1
003124 -1
003133 -1
003172 -1
003174 -1
003208 -1
003227 -1
003234 -1
003271 -1
003280 -1
003291 -1
003326 -1
003333 -1
003364 -1
003386 -1
003415 -1
003422 -1
003445 -1
003455 -1
003475 -1
003479  1
003543 -1
003558 -1
003585 -1
003600 -1
003656 -1
003666 -1
003682 -1
003712 -1
003720 -1
003776 -1
003785 -1
003831 -1
003859 -1
003861 -1
003867 -1
003880 -1
003901 -1
003923 -1
003926 -1
003944 -1
003948 -1
003976 -1
004010 -1
004031 -1
004040  1
004052 -1
004060  1
004063 -1
004090 -1
004093 -1
004108 -1
004115 -1
004239 -1
004272 -1
004276  1
004294 -1
004314 -1
004318 -1
004350 -1
004352 -1
004353 -1
004358 -1
004368 -1
004383 -1
004394 -1
004396 -1
004398 -1
004422 -1
004431 -1
004487 -1
004489 -1
004579 -1
004580 -1
004625 -1
004662 -1
004684 -1
004700 -1
004728 -1
004736 -1
004753 -1
004760 -1
004819 -1
004829  1
004831 -1
004836 -1
004843 -1
004877 -1
004905 -1
004928 -1
004940 -1
004941 -1
004966 -1
004969 -1
004992 -1
004994 -1
005041 -1
005061 -1
005065 -1
005124 -1
005159 -1
005195 -1
005235 -1
005262 -1
005268 -1
005273 -1
005278 -1
005279 -1
005294  1
