000016
000017
000023
000025
000029
000032
000036
000040
000041
000050
000051
000056
000057
000062
000070
000074
000079
000082
000083
000086
000092
000094
000096
000103
000104
000114
000116
000120
000122
000124
000127
000128
000132
000136
000137
000149
000150
000154
000158
000159
000162
000167
000180
000188
000190
000199
000200
000207
000210
000219
000221
000224
000231
000233
000241
000242
000246
000248
000251
000255
000256
000257
000262
000264
000267
000268
000281
000282
000283
000288
000293
000298
000307
000315
000316
000318
000326
000328
000331
000342
000343
000344
000351
000352
000353
000358
000359
000360
000365
000366
000368
000377
000378
000388
000390
000392
000393
000395
000397
000403
000407
000415
000424
000426
000432
000438
000440
000441
000444
000448
000452
000466
000468
000471
000482
000490
000492
000493
000494
000502
000506
000522
000524
000529
000530
000535
000536
000541
000546
000547
000554
000557
000562
000563
000572
000579
000584
000591
000595
000596
000600
000601
000604
000610
000612
000622
000623
000626
000630
000633
000636
000642
000645
000653
000655
000658
000662
000663
000671
000672
000674
000681
000687
000688
000695
000696
000708
000719
000723
000725
000726
000739
000744
000747
000750
000752
000754
000765
000770
000781
000785
000788
000792
000795
000798
000802
000806
000811
000813
000818
000822
000828
000830
000831
000832
000838
000853
000858
000859
000864
000865
000867
000868
000874
000875
000880
000882
000891
000892
000893
000894
000895
000901
000910
000912
000914
000918
000920
000927
000928
000933
000934
000939
000958
000963
000975
000976
000985
000988
000989
000990
001001
001009
001012
001013
001024
001033
001034
001043
001044
001046
001047
001054
001060
001063
001066
001071
001072
001076
001085
001090
001091
001093
001095
001101
001102
001107
001108
001117
001126
001128
001133
001139
001140
001142
001150
001151
001154
001157
001164
001165
001170
001177
001178
001179
001180
001184
001189
001190
001194
001195
001203
001208
001210
001212
001214
001220
001224
001235
001238
001244
001248
001249
001251
001257
001260
001264
001272
001276
001280
001296
001300
001301
001309
001311
001313
001317
001318
001326
001327
001332
001333
001334
001337
001341
001349
001351
001352
001359
001365
001373
001378
001379
001384
001389
001391
001398
001404
001408
001409
001422
001426
001432
001433
001436
001439
001441
001447
001452
001456
001461
001467
001469
001481
001485
001492
001496
001497
001499
001501
001502
001506
001507
001518
001521
001523
001530
001531
001534
001541
001545
001546
001548
001554
001556
001570
001575
001581
001582
001584
001588
001594
001600
001605
001607
001611
001619
001620
001622
001628
001629
001638
001640
001641
001645
001647
001651
001652
001653
001654
001660
001662
001664
001668
001669
001677
001679
001687
001701
001705
001709
001712
001713
001714
001719
001722
001725
001740
001741
001744
001745
001749
001750
001754
001756
001765
001768
001771
001773
001781
001785
001788
001791
001794
001795
001798
001804
001808
001810
001812
001813
001814
001825
001830
001848
001849
001853
001855
001856
001859
001863
001869
001873
001878
001883
001887
001897
001910
001914
001915
001918
001919
001932
001936
001941
001944
001946
001951
001954
001955
001960
001965
001974
001982
001987
001989
001991
001999
002004
002005
002008
002021
002024
002032
002037
002039
002041
002045
002050
002052
002053
002066
002069
002072
002077
002078
002085
002087
002089
002090
002091
002096
002099
002103
002108
002109
002114
002118
002124
002125
002126
002140
002145
002149
002152
002163
002170
002174
002175
002179
002181
002184
002187
002188
002189
002190
002192
002212
002213
002215
002222
002231
002234
002236
002238
002240
002244
002245
002252
002265
002269
002273
002284
002285
002286
002287
002289
002290
002294
002299
002300
002304
002308
002315
002318
002321
002325
002326
002332
002338
002346
002348
002350
002352
002362
002367
002374
002379
002386
002388
002393
002395
002400
002405
002410
002421
002424
002426
002429
002438
002444
002448
002456
002459
002460
002463
002469
002474
002482
002486
002492
002497
002503
002508
002510
002512
002514
002523
002529
002530
002535
002539
002544
002552
002553
002554
002557
002560
002561
002564
002565
002567
002569
002570
002573
002576
002577
002578
002583
002584
002587
002590
002596
002597
002601
002614
002620
002621
002622
002624
002629
002634
002640
002642
002643
002650
002651
002652
002654
002661
002663
002665
002674
002676
002677
002683
002692
002698
002699
002701
002702
002709
002710
002713
002722
002724
002725
002727
002735
002739
002751
002752
002753
002756
002759
002766
002769
002771
002773
002776
002781
002783
002784
002787
002788
002789
002794
002798
002802
002807
002817
002823
002825
002827
002834
002843
002845
002846
002847
002850
002851
002856
002860
002861
002871
002879
002885
002886
002895
002898
002899
002908
002914
002915
002924
002929
002932
002936
002947
002951
002956
002965
002968
002972
002976
002983
002994
002995
002996
003001
003002
003010
003014
003016
003021
003026
003027
003036
003037
003041
003043
003045
003046
003048
003056
003059
003060
003062
003063
003071
003072
003073
003074
003089
003096
003097
003100
003102
003112
003113
003116
003124
003128
003133
003135
003138
003143
003148
003150
003158
003159
003160
003169
003172
003174
003180
003186
003187
003188
003196
003198
003201
003208
003209
003216
003220
003227
003234
003235
003238
003239
003247
003250
003251
003256
003271
003273
003275
003276
003278
003279
003280
003285
003286
003289
003291
003294
003301
003304
003310
003312
003313
003326
003330
003333
003335
003337
003339
003344
003345
003348
003355
003358
003359
003360
003364
003373
003374
003378
003384
003386
003392
003401
003406
003407
003409
003415
003418
003421
003422
003423
003427
003431
003435
003437
003440
003444
003445
003455
003456
003459
003460
003475
003479
003488
003493
003502
003505
003506
003510
003516
003517
003521
003537
003543
003544
003548
003550
003555
003557
003558
003561
003563
003566
003567
003568
003570
003573
003575
003585
003590
003592
003600
003602
003612
003613
003614
003616
003618
003619
003621
003629
003631
003633
003635
003644
003645
003646
003651
003655
003656
003658
003661
003666
003669
003676
003679
003682
003692
003694
003698
003702
003706
003710
003712
003715
003720
003723
003724
003730
003732
003733
003740
003743
003752
003760
003762
003765
003767
003771
003773
003776
003784
003785
003787
003790
003793
003802
003805
003831
003833
003834
003836
003844
003852
003854
003859
003861
003865
003867
003870
003871
003877
003880
003886
003888
003899
003901
003904
003910
003914
003918
003923
003924
003926
003932
003934
003944
003946
003948
003950
003958
003959
003961
003963
003965
003969
003971
003975
003976
003986
003987
003988
003989
004008
004009
004010
004016
004017
004019
004022
004024
004027
004031
004039
004040
004052
004053
004055
004060
004062
004063
004066
004070
004083
004090
004093
004096
004100
004101
004102
004105
004106
004108
004113
004115
004122
004127
004132
004134
004140
004146
004156
004160
004173
004181
004182
004186
004190
004193
004197
004199
004201
004205
004207
004208
004212
004217
004218
004228
004229
004239
004242
004244
004245
004260
004264
004272
004273
004276
004279
004294
004295
004296
004298
004302
004309
004314
004315
004318
004321
004328
004338
004339
004341
004350
004352
004353
004357
004358
004359
004360
004368
004375
004383
004388
004394
004396
004398
004403
004406
004410
004418
004422
004425
004427
004428
004431
004432
004434
004437
004438
004440
004445
004451
004453
004467
004470
004471
004474
004481
004485
004487
004489
004494
004503
004511
004519
004520
004523
004532
004535
004536
004543
004544
004554
004555
004558
004561
004579
004580
004581
004582
004585
004586
004589
004595
004602
004605
004607
004609
004618
004625
004631
004632
004634
004638
004639
004640
004653
004655
004656
004662
004664
004665
004673
004677
004684
004688
004691
004692
004696
004700
004703
004705
004717
004722
004728
004736
004738
004741
004743
004748
004753
004755
004760
004766
004767
004781
004783
004790
004799
004800
004807
004818
004819
004822
004829
004830
004831
004832
004836
004843
004846
004847
004851
004857
004866
004867
004869
004877
004879
004885
004892
004893
004894
004900
004905
004907
004912
004915
004916
004917
004926
004928
004929
004940
004941
004943
004948
004952
004954
004963
004965
004966
004968
004969
004971
004981
004986
004989
004992
004994
004997
005006
005007
005011
005020
005025
005035
005041
005055
005057
005059
005060
005061
005064
005065
005072
005075
005076
005079
005083
005087
005095
005101
005104
005105
005116
005122
005124
005128
005137
005138
005142
005152
005153
005155
005159
005161
005163
005172
005175
005184
005191
005195
005199
005201
005203
005216
005218
005220
005221
005225
005234
005235
005240
005241
005244
005245
005248
005253
005262
005266
005268
005272
005273
005276
005278
005279
005284
005290
005291
005294
005298
005299
005303
